0.00000000 0.00000000 0.00000000
5.00000000 0.00000000 0.00000000
0.00000000 5.00000000 0.00000000

0.00000000 0.00000000 0.00000000
10.00000000 0.00000000 0.00000000
0.00000000 10.00000000 0.00000000

20.00000000 0.00000000 0.00000000
30.00000000 0.00000000 0.00000000
20.00000000 10.00000000 0.00000000

20.00000000 0.00000000 0.00000000
20.00000000 10.00000000 0.00000000
10.00000000 0.00000000 0.00000000

20.00000000 0.00000000 0.00000000
20.00000000 20.00000000 0.00000000
0.00000000 0.00000000 0.00000000

40.00000000 0.00000000 0.00000000
50.00000000 0.00000000 0.00000000
40.00000000 10.00000000 0.00000000

40.00000000 0.00000000 0.00000000
40.00000000 0.00000000 10.00000000
40.00000000 10.00000000 0.00000000

20.00000000 0.00000000 0.00000000
30.00000000 0.00000000 0.00000000
20.00000000 10.00000000 0.00000000

0.00000000 0.00000000 0.00000000
3.75000000 1.25000000 -3.06186218
1.25000000 3.75000000 3.06186218

0.00000000 0.00000000 0.00000000
4.02368927 2.52939682 -1.55308609
-1.55308609 4.02368927 2.52939682

0.00000000 0.00000000 0.00000000
4.37797509 2.10015545 -1.19276200
-1.90876317 4.52151930 0.95524153

0.00000000 0.00000000 0.00000000
2.84482759 -3.73357898 -1.72259803
2.69909623 3.27586207 -2.64265156

