0.00000000 0.00000000 -50.00000000
5.00000000 0.00000000 -50.00000000
0.00000000 5.00000000 -50.00000000

0.00000000 0.00000000 -50.00000000
10.00000000 0.00000000 -50.00000000
0.00000000 10.00000000 -50.00000000

20.00000000 0.00000000 -50.00000000
30.00000000 0.00000000 -50.00000000
20.00000000 10.00000000 -50.00000000

20.00000000 0.00000000 -50.00000000
20.00000000 10.00000000 -50.00000000
10.00000000 0.00000000 -50.00000000

20.00000000 0.00000000 -50.00000000
20.00000000 20.00000000 -50.00000000
0.00000000 0.00000000 -50.00000000

40.00000000 0.00000000 -50.00000000
50.00000000 0.00000000 -50.00000000
40.00000000 10.00000000 -50.00000000

40.00000000 0.00000000 -50.00000000
40.00000000 0.00000000 -40.00000000
40.00000000 10.00000000 -50.00000000

20.00000000 0.00000000 -50.00000000
30.00000000 0.00000000 -50.00000000
20.00000000 10.00000000 -50.00000000

0.00000000 0.00000000 -50.00000000
3.75000000 1.25000000 -53.06186218
1.25000000 3.75000000 -46.93813782

0.00000000 0.00000000 -50.00000000
4.02368927 2.52939682 -51.55308609
-1.55308609 4.02368927 -47.47060318

0.00000000 0.00000000 -50.00000000
4.37797509 2.10015545 -51.19276200
-1.90876317 4.52151930 -49.04475847

0.00000000 0.00000000 -50.00000000
2.84482759 -3.73357898 -51.72259803
2.69909623 3.27586207 -52.64265156

