0.00000000 0.00000000 0.97979798
0.11917536 0.00000000 0.97979798
0.00000000 0.11917536 0.97979798

0.00000000 0.00000000 0.97979798
0.23835072 0.00000000 0.97979798
0.00000000 0.23835072 0.97979798

0.47670144 0.00000000 0.97979798
0.71505216 0.00000000 0.97979798
0.47670144 0.23835072 0.97979798

0.47670144 0.00000000 0.97979798
0.47670144 0.23835072 0.97979798
0.23835072 0.00000000 0.97979798

0.47670144 0.00000000 0.97979798
0.47670144 0.47670144 0.97979798
0.00000000 0.00000000 0.97979798

0.95340287 0.00000000 0.97979798
1.19175359 0.00000000 0.97979798
0.95340287 0.23835072 0.97979798

0.95340287 0.00000000 0.97979798
1.19175359 0.00000000 0.96969697
0.95340287 0.23835072 0.97979798

0.47670144 0.00000000 0.97979798
0.71505216 0.00000000 0.97979798
0.47670144 0.23835072 0.97979798

0.00000000 0.00000000 0.97979798
0.08422388 0.02807463 0.98212944
0.03173735 0.09521204 0.97716235

0.00000000 0.00000000 0.97979798
0.09301570 0.05847211 0.98101519
-0.03899036 0.10101507 0.97764511

0.00000000 0.00000000 0.97979798
0.10191807 0.04889105 0.98073937
-0.04638162 0.10986978 0.97901103

0.00000000 0.00000000 0.97979798
0.06554840 -0.08602635 0.98114362
0.06110364 0.07416079 0.98182626

