0.00000000 0.00000000 0.97979798
0.11917536 0.00000000 0.97979798
0.00000000 0.11917536 0.97979798

0.00000000 0.00000000 0.97979798
0.23835072 0.00000000 0.97979798
0.00000000 0.23835072 0.97979798

0.47670144 0.00000000 0.97979798
0.71505216 0.00000000 0.97979798
0.47670144 0.23835072 0.97979798

0.47670144 0.00000000 0.97979798
0.47670144 0.23835072 0.97979798
0.23835072 0.00000000 0.97979798

0.00000000 0.00000000 0.97979798
0.47670144 0.00000000 0.97979798
0.00000000 0.47670144 0.97979798

